taxonomy	s1	s2	s3	s4	s5	s6	s7	s8	s9	s10	s11	s12	s13	s14	s15
Ensifer	0.00166169	0.001868444	0.002511678	0.001914389	0.001853128	0.084409219	0.275687266	0.17388774	0.46220997	0.589685275	0.654406922	0.770702198	0.626043342	0.656658243	0.624098323
Pantoea	3.06E-05	6.89E-05	0.000949535	0.000597287	0.000536025	0.017137606	0.017512826	0.019656942	0.005184164	0.008852133	0.047629987	0.038846772	0.029986982	0.014710162	0.010644
Enterobacter	0.000206752	0.00016846	0.000321617	0.000367561	0.000336932	0.085488935	0.058871276	0.0268627	0.012872349	0.00782602	0.044735432	0.02194655	0.024917681	0.004548587	0.004020216
Pseudomonas	0.003514817	0.003744544	0.005758481	0.004678765	0.005061643	0.030262654	0.024955969	0.025469025	0.006838196	0.006424688	0.000796386	0.000459453	0.00031396	0.000520714	0.000842331
Bacillus	0.002557623	0.002764377	0.003522475	0.004165709	0.00353779	0.035952217	0.041549889	0.013125048	0.032912168	0.081752048	0.004265258	0.004043189	0.00310131	0.004035531	0.004181025
Lysobacter	0.007466115	0.008446282	0.009702121	0.008538173	0.006371085	0.00782602	0.005199479	0.009349874	0.021318631	0.002749062	0.003185543	0.001845471	0.003300406	0.002595911	0.002481048
Sphingobacterium	0	0	0	0	0	0	0	0	0	0	1.53E-05	0.002389157	0	0.019220461	0.012328662
Rhizobium	1.53E-05	1.53E-05	3.06E-05	9.95E-05	0.000160805	0.003354009	0.003614366	0.00137836	0.012328662	0.003024734	0.000153151	0.000145494	0.000176118	0.001087365	0.000114859
Acinetobacter	0.001608087	0.001830156	0.001945019	0.001638717	0.001608087	0.025775327	0.02974194	0.016923195	0.0140899	0.022597442	0.024335707	0.012581362	0.035768435	0.028945555	0.029948695
Streptomyces	0.001837813	0.002167088	0.003231488	0.002389157	0.003484187	0.009939505	0.012895321	0.004785971	0.003055364	0.003790489	0.034711693	0.020529903	0.016065549	0.011187687	0.012481813
Pseudoxanthomonas	0.000834674	0.000941879	0.000980167	0.001194579	0.000520714	0.003392297	0.002863925	0.003905353	0.003453557	0.002136458	0.001807183	0.001026112	0.003675626	0.003491845	0.001837813
Anoxybacillus	0.00014549	0.000199092	0.000245036	0.000245038	0.000306302	0.011601195	0.010452562	0.004081476	0.006034153	0.00278735	0.001983307	0.001156291	0.001424305	0.00109503	0.001401333
Sphingomonas	0.000191439	2.30E-05	0.000283326	0.000620256	0.000620262	0.0001072	0.000245042	0.000298643	0.000214406	1.53E-05	7.66E-06	0	0	0.0001072	3.83E-05
Stenotrophomonas	0	0	0	0	0	0	0	0	0	0	0	0.000865302	0	0.010452561	0.010337698
Chryseobacterium	0.023661842	0.020307834	0.024557776	0.025147408	0.016854277	0.016884907	0.010980933	0.037292289	0.025116778	0.01418179	0.004640478	0.0031932	0.010360671	0.011019221	0.012198484
Tepidimonas	6.13E-05	8.42E-05	0.00014549	0.000145486	0.000160805	0.01415116	0.011080481	0.002703117	0.005191822	0.007711157	0.00134773	0.000796386	0.00097251	0.000543686	0.001447278
Actinoplanes	0	0	7.66E-06	0	0	7.66E-05	0.000513054	2.30E-05	6.89E-05	0.00023738	0	1.53E-05	0	1.53E-05	0
Xenophilus	3.06E-05	7.66E-06	0	2.30E-05	7.66E-06	0.000390535	0.00023738	0.000513056	0.000712149	0.000827016	3.06E-05	2.30E-05	0.000137832	7.66E-05	0
Adhaeribacter	0.00034459	7.66E-05	0.000467107	0.00092656	0.001018455	0	0	0	0	0	0	0	0	0	7.66E-06
Haliangium	0	0	0	0	0	0	0	0	0	0	0	0	0	8.42E-05	0
Acidibacter	0.00037522	0.000275672	0.000290985	0.000367563	0.000260357	0.002810322	0.00287924	0.002136458	0.006317482	0.001554484	0.000589632	0.000566659	0.001937361	0.002151773	0.001163948
Novosphingobium	0.007052608	0.006493606	0.005482809	0.005130561	0.00287924	0.004073819	0.003644996	0.004357148	0.001937361	0.00175358	6.89E-05	3.06E-05	0.000114861	4.59E-05	0.000107198
Methylobacillus	0.000145488	0.000275672	0.000145488	0.000145486	0.000206754	0.012167854	0.017221839	0.003369324	0.001715292	0.002611226	0.002220691	0.002052225	0.00143962	0.000804043	0.001631059
Arthrobacter	7.66E-05	0.000168464	0.000199092	0.000176118	0.000153147	0.002710774	0.002075197	0.017459223	0.012611992	0.006095413	0.000574317	0.001049085	0.006776935	0.009181407	0.005865686
Glycomyces	0.016517344	0.015912398	0.01806417	0.019029022	0.014794395	0.005835056	0.004847232	0.003399954	0.002274294	0.001454936	0.001860786	0.000781071	0.000520712	0.000559	0.001730607
Bryobacter	0.01803354	0.014970518	0.013170993	0.011340838	0.009839957	0.004885519	0.003622023	0.005299027	0.001539169	0.001447278	0.001278812	0.000888274	0.001324757	0.000903592	0.002733747
Blastocatella	0.002955816	0.00316257	0.004372463	0.003974271	0.005053986	0.006516579	0.004801286	0.003376981	0.001814841	0.003920668	0.002151773	0.000781071	0.001431963	0.00071981	0.001600429
Steroidobacter	0.000183775	0.00027567	0.000114857	0.000191435	0.00027567	0.003522475	0.003009419	0.00075044	0.000581974	0.000620262	0.002894556	0.001929704	0.001516196	0.000727466	0.004426066
Gaiella	0.012091278	0.011348495	0.009388161	0.009212038	0.011685428	0.005337315	0.003499502	0.007351252	0.003001761	0.002151773	0.000245038	0.000122521	0.000237382	4.59E-05	0.000237384
Hyphomicrobium	0.010375986	0.010452562	0.009740409	0.009426449	0.008614748	0.01233632	0.005743166	0.012144881	0.008415652	0.003254461	0.000888276	0.000413508	0.001577456	0.001049085	0.000995482
Chryseolinea	0.01380657	0.008270159	0.008790872	0.006562524	0.007205759	0.007626924	0.006256222	0.006202619	0.002603568	0.002144115	0.003147255	0.002611226	0.0034459	0.003254461	0.008599433
Massilia	0.004893177	0.006539551	0.008040432	0.006493606	0.006991347	0.006179646	0.005099931	0.006485948	0.003591393	0.002894556	0.001294127	0.000604947	0.000773413	0.000681522	0.001194579
unidentified_Nitrospiraceae	0.000949537	0.001018455	0.001286469	0.001830156	0.000987825	0.000941879	0.000964852	0.001960334	0.001171606	0.000574317	0.002366184	0.002121143	0.004939122	0.007167471	0.005628302
Bradyrhizobium	0.010912015	0.006784593	0.006907114	0.007489088	0.006424688	0.00604181	0.003775174	0.005268397	0.003139597	0.001133318	0.000980167	0.000781071	0.000926564	0.000849989	0.001531511
Ohtaekwangia	0.000604947	0.000949537	0.000888276	0.000704495	0.000819358	0.001837813	0.000865304	0.006394058	0.001768895	0.001217551	0.000597289	0.000321617	0.001202236	0.000559002	0.001148633
Roseiflexus	0.011003905	0.008124665	0.007381882	0.009594915	0.005237767	0.002795007	0.001990964	0.003514817	0.001845471	0.000673865	0.000183779	9.19E-05	0.000153151	0.000107202	0.000137834
Devosia	0.002082855	0.003154912	0.003644996	0.00275672	0.003285091	0.001539169	0.001699977	0.002657172	0.001569799	0.001072058	0.001876101	0.001049085	0.002917528	0.002856268	0.003721571
Promicromonospora	0.006922429	0.003736886	0.00391301	0.003315721	0.003522475	0.0031932	0.001952677	0.001998622	0.000880619	0.000467111	0.000964852	0.000528371	0.000620262	0.000467109	0.000995482
Serratia	0.002297267	0.002588253	0.002258979	0.001945019	0.001860786	0.003354009	0.003331036	0.00670036	0.004303545	0.002205376	0.00388238	0.001998622	0.008362049	0.009189065	0.007925569
Agromyces	0.000367561	0.00037522	0.00037522	0.000268012	0.000352248	0.003422927	0.003269776	0.00100314	0.000474768	0.000804043	0.00526074	0.002917528	0.0042576	0.001922046	0.004456697
Phenylobacterium	0.003254461	0.003338693	0.002726089	0.003085994	0.001883759	0.004939122	0.003338693	0.009503025	0.006225592	0.004127422	0.001072058	0.000804043	0.005199479	0.006922429	0.007925569
Enterococcus	0.006983689	0.005367946	0.004740026	0.004020216	0.004135079	0.003032391	0.00250402	0.005651275	0.002090512	0.001340072	8.42E-05	3.83E-05	0.000122517	0.000206752	0.000260357
Flavisolibacter	0.001431963	0.001370702	0.002174746	0.001493223	0.001638717	0.007979172	0.00497741	0.007473773	0.004847232	0.00422697	0.006485948	0.004004901	0.005551727	0.004801286	0.005858029
Methylotenera	0.000597289	0.000474768	0.000245038	0.00028333	0.000214412	0.006363427	0.003775174	0.002167088	0.001110346	0.00062792	0.002373842	0.002343212	0.000773413	0.000597289	0.000543684
Dyadobacter	7.66E-05	6.89E-05	1.53E-05	4.59E-05	9.19E-05	0.005865687	0.003185543	0.003499502	0.004487327	0.00215943	0.000367561	9.95E-05	0.00109503	0.00034459	0.000459453
Lactobacillus	0.00023738	0.000926562	0.000260355	0.000245038	0.000413506	7.66E-06	0	0	3.06E-05	0	1.53E-05	1.53E-05	2.30E-05	3.83E-05	0
unidentified_Methylophilaceae	0.000268012	0.000191437	0.000252699	0.00019909	0.00013783	7.66E-05	6.13E-05	0.00021441	0.000130174	0.00017612	0.000696838	0.000673865	0.006799908	0.004732368	0.003407612
Altererythrobacter	9.19E-05	0.000160807	0.000122517	9.19E-05	0.000176122	0.005482809	0.006286852	0.003422927	0.00143962	0.001148633	0.000566659	0.000643235	0.00026801	0.000467109	0.000796386
Cellulosimicrobium	0.001967992	0.002297266	0.002358527	0.001967992	0.00169232	0.002312582	0.002289609	0.003269775	0.002542308	0.000903592	0.002710774	0.002052225	0.006394058	0.007596294	0.006723333
Candidatus_Nitrososphaera	0.005995865	0.004211655	0.004349491	0.004426066	0.003093652	0.00566659	0.003836434	0.009043571	0.004188682	0.003269776	0.00103377	0.000566659	0.001294127	0.001386018	0.001470251
Variovorax	0.000359901	0.000199088	0.000827016	0.00068918	0.002603567	0.000130172	0.000222063	0.000275664	0.000160807	5.36E-05	9.95E-05	7.66E-06	2.30E-05	1.53E-05	4.59E-05
Solirubrobacter	9.95E-05	7.66E-05	0.000153145	0.000183781	0.000168464	0.004778314	0.002320239	0.000941879	0.000742783	0.000735125	0.002948159	0.00143962	0.001952677	0.001324757	0.002021595
Woodsholea	0.002419787	0.002580596	0.003170228	0.002718432	0.00241213	0.000513054	0.000359905	0.000321615	0.00037522	0.000321611	7.66E-06	3.06E-05	3.06E-05	3.06E-05	6.89E-05
Candidatus_Entotheonella	0.003108967	0.004311203	0.004449039	0.003690941	0.004533272	0.006447661	0.004847232	0.00742017	0.00394364	0.003499502	0.00100314	0.00062792	0.001431963	0.001010797	0.001654032
Sporosarcina	0.000673865	0.000880619	0.000773413	0.000735125	0.000597289	0.008928708	0.006799908	0.005207137	0.00394364	0.002940501	0.002197718	0.001194579	0.003369324	0.002909871	0.002205376
Terribacillus	0.00359905	0.004785971	0.004923807	0.005306685	0.004655793	0.000781071	0.000926564	0.001148633	0.000390535	0.000344588	1.53E-05	8.42E-05	7.66E-05	3.06E-05	0.000229725
Illumatobacter	0.003981928	0.003499502	0.004594532	0.006103071	0.005076958	0.003744544	0.003553105	0.004410751	0.002205376	0.000872961	9.19E-05	7.66E-06	9.19E-05	5.36E-05	0.000245038
Mesorhizobium	1.53E-05	7.66E-06	3.06E-05	3.06E-05	0.001309434	0	7.66E-06	0	7.66E-06	0	0	0	0	0	0
Gemmatimonas	0.00040585	0.000490084	0.000620262	0.000566659	0.000513056	0.000796386	0.000918907	0.001118003	0.000949537	0.000451796	0.002465733	0.000842331	0.001830156	0.00175358	0.002772035
Terrimonas	0.002167088	0.001807183	0.001255839	0.001156291	0.00143962	0.003935983	0.004870204	0.00253465	0.001324757	0.001148633	0.000130176	6.89E-05	9.95E-05	0.000137832	0.000673865
Chitinophaga	0.002243664	0.002710774	0.002764377	0.00275672	0.002718432	0.002059882	0.001998622	0.002021595	0.00137836	0.000834674	0.000758098	0.00034459	0.000827016	0.000804043	0.001140976
Bifidobacterium	0.003928325	0.003530133	0.004127422	0.003208515	0.00422697	0.002741405	0.002213033	0.003392296	0.001745923	0.000796386	6.89E-05	7.66E-05	7.66E-05	6.13E-05	0.000168462
Microbacterium	0.000107206	7.66E-05	0.000344584	0.000811699	0.000329275	0	0	1.53E-05	0	0	1.53E-05	2.30E-05	0	1.53E-05	0
Lysinibacillus	0.000183775	0.000107202	0.000130172	6.89E-05	0.000199092	0.004181024	0.002772035	0.001876101	0.001661689	0.00172295	0.001194579	0.00065855	0.001010797	0.001110346	0.001983307
Modestobacter	0.002396815	0.001960334	0.002419787	0.0021288	0.003009419	0.003040049	0.00250402	0.002810322	0.00140899	0.001707635	0.001699977	0.001401333	0.003216173	0.001562141	0.003308063
Nocardioides	0.002236006	0.002481048	0.003032392	0.00250402	0.003683283	0.002350869	0.002075197	0.003300406	0.001876101	0.000957194	0.000773413	0.000681522	0.00140899	0.001638717	0.001822498
unidentified_Gemmatimonadetes	0.002863925	0.002695459	0.003331036	0.003491845	0.002626541	0.002013937	0.00209817	0.002741404	0.000995482	0.000566659	1.53E-05	0	7.66E-06	7.66E-06	7.66E-05
Methylophilus	0.002213033	0.001791868	0.002994104	0.002404472	0.003239146	0.001807183	0.001485566	0.002389157	0.001470251	0.001577456	0.000459453	0.00031396	0.000367561	0.000298643	0.000367563
Iamia	3.83E-05	3.06E-05	1.53E-05	3.83E-05	3.06E-05	0.003698598	0.002488705	0.001615744	0.000497739	0.000712153	0.000934222	0.000834674	0.00075044	0.00026801	0.000298641
Opitutus	0.002940499	0.004280573	0.002366184	0.001493223	0.002672486	0.000421166	0.000367563	0.00062792	0.000130176	0.000137832	1.53E-05	1.53E-05	3.06E-05	1.53E-05	9.19E-05
Lachnoclostridium	6.13E-05	6.13E-05	6.13E-05	0.000229723	6.13E-05	7.66E-06	0	7.66E-06	3.83E-05	1.53E-05	3.83E-05	2.30E-05	0	1.53E-05	6.89E-05
Aeromicrobium	0.001140976	0.001163948	0.00137836	0.001416648	0.001539169	0.002450418	0.001860786	0.005069301	0.003131939	0.001906731	0.000359905	0.000283328	0.000528371	0.000574317	0.001232866
Pseudonocardia	0.003606708	0.003438242	0.003024734	0.004318861	0.003445899	0.001102688	0.000520714	0.001945019	0.000865304	0.000306302	0.000130176	0.000122517	0.00034459	0.000237382	0.00027567
Aquicella	0.001018455	0.000918907	0.001102688	0.000895934	0.001163948	0.004158052	0.002251321	0.003369324	0.001899074	0.000566659	0.000275668	0.000114859	0.001102686	0.001140976	0.001263497
Polycyclovorans	9.95E-05	0.000137826	0.000168462	0.000160803	0.00016846	0.000199092	0.000359905	0.000980167	0.001386018	0.001294127	0.000872961	0.001148633	0.002121143	0.003798147	0.004364806
Bosea	0.00247339	0.002986446	0.003108967	0.002994104	0.003867065	9.95E-05	0.000168462	8.42E-05	6.12E-05	2.30E-05	0	0	2.30E-05	0	7.66E-06
Marmoricola	0.00065855	0.00065855	0.000857646	0.000650892	0.000574317	0.001600429	0.001477908	0.002182403	0.002304924	0.001271154	0.001462593	0.000849989	0.003461215	0.002894555	0.003024734
Paenibacillus	0.00175358	0.001768895	0.002565281	0.001937361	0.002810323	0.002572938	0.001967992	0.003009419	0.001654032	0.001072058	0.000666207	0.000290987	0.000559002	0.000367561	0.000849989
Microvirga	0.003989586	0.003292748	0.002994104	0.003499502	0.002236006	0.00134773	0.000872961	0.000581974	0.000336932	0.000306298	0.000344588	0.000191435	0.000160807	0.00014549	0.000451796
Aeromonas	0	1.53E-05	2.30E-05	2.30E-05	1.53E-05	0.000520714	0.000589628	0.000329273	9.19E-05	0.000275666	5.36E-05	0	2.30E-05	5.36E-05	0.001102686
Skermanella	0.002304924	0.00241213	0.003269776	0.002618884	0.0023815	0.001745923	0.001707635	0.001945019	0.001569799	0.001079715	0.001324757	0.000742783	0.001485566	0.001118003	0.001225209
Arenimonas	0.001087371	0.000321615	0.000467107	0.000199088	6.13E-05	0.000137832	5.36E-05	7.66E-06	3.06E-05	0	2.30E-05	0	0	7.66E-06	0
Sorangium	0.002557623	0.002542308	0.003063022	0.002840953	0.002618884	0.000712153	0.000712153	0.000903592	0.000957194	0.001248182	0.000444138	0.000268014	0.000359905	0.000352248	0.000505399
Cellvibrio	0.002626541	0.002350869	0.002618884	0.002366184	0.00175358	0.002718432	0.002335554	0.003055364	0.001516196	0.000559002	0.000520712	0.000329275	0.000367563	0.000214412	0.000229723
Candidatus_Glomeribacter	0.001401331	0.000658546	0.001049085	0.000926564	0.000857646	0.000681522	0.000995482	0.001340072	0.000811701	0.000712151	0.000114861	3.83E-05	5.36E-05	4.59E-05	7.66E-06
Flavobacterium	0.000781071	0.000895934	0.000382874	0.000268012	0.000222069	0.00071981	0.000735125	0.000934222	0.00034459	0.000298639	0.00019909	6.13E-05	0.000183779	9.19E-05	8.42E-05
Bacteroides	3.83E-05	3.06E-05	1.53E-05	3.83E-05	2.30E-05	7.66E-06	0	1.53E-05	7.66E-06	3.06E-05	0	0	0	0	7.66E-05
Pedomicrobium	0.002121143	0.00244276	0.00284861	0.002297267	0.001891416	0.000497741	0.000566659	0.000742783	0.000543686	0.000199092	0.000382878	0.000421164	0.00068918	0.000704495	0.000696838
Niastella	0.001516196	0.001822498	0.002144115	0.001730608	0.002549966	0.002718432	0.002795008	0.002197718	0.001186921	0.001041427	0.000819358	0.000811701	0.000643235	0.000597287	0.002703117
Ramlibacter	0.000681518	0.000872961	0.000865304	0.000520714	0.00037522	0.002082855	0.000995482	0.002021595	0.000842331	0.00017612	0.000283328	0.000176124	0.000459453	0.000536029	0.000428821
Haloferula	0.003246803	0.002182403	0.002618884	0.002672487	0.001508538	0.00169232	0.001110346	0.00175358	0.001010797	0.000451796	0.000520714	0.000237384	0.000290983	0.0003063	0.000398191
Parasegetibacter	0.002197718	0.00175358	0.001508538	0.001225209	0.001608087	0.000742783	0.000467111	0.000834674	0.000390535	0.000176118	0.000107202	7.66E-06	3.06E-05	3.06E-05	1.53E-05
unidentified_GR-WP33-30	0.000781071	0.001102688	0.00169232	0.001370702	0.001255839	0.0013171	0.000796386	0.000666207	0.00040585	0.000421166	0.000137834	3.83E-05	7.66E-05	3.06E-05	7.66E-05
Rubrobacter	0	0	0	0.000673865	0	0	0	0	0	0	0	0	0	0	0
Variibacter	0.004150394	0.003744544	0.003017076	0.004142737	0.002136458	0.001569799	0.000857646	0.001531511	0.000934222	0.000222067	0.000107204	5.36E-05	0.000122517	0.000160807	0.000122513
Kribbella	0.002243663	0.0023815	0.002902213	0.002955816	0.002144116	0.001454936	0.001539169	0.002236006	0.001577456	0.000666207	0.000865304	0.000620262	0.001156291	0.001255839	0.001301784
Lysinimonas	0.000245038	0.000336932	0.000436481	0.000268012	0.000505399	0.00097251	0.0021288	0.000735125	0.00040585	0.000329271	0.002710774	0.001462593	0.002511678	0.001830156	0.002174745
Exiguobacterium	0.001140976	0.000918907	0.000872961	0.001202236	0.000811701	0.002496363	0.001600429	0.001906731	0.000995482	0.001102688	0.001424305	0.00071981	0.001018455	0.000872961	0.001424305
unidentified_Xanthomonadales	0	7.66E-06	9.19E-05	1.53E-05	3.06E-05	3.06E-05	3.83E-05	9.95E-05	3.83E-05	6.13E-05	1.53E-05	5.36E-05	7.66E-06	7.66E-05	3.83E-05
Rhizocola	0.002611226	0.002373842	0.002190061	0.002297267	0.002366184	0.000581974	0.000436481	0.000735125	0.000505399	0.000168466	8.42E-05	3.06E-05	5.36E-05	6.89E-05	0.000153149
Flavitalea	0.00040585	0.000421166	0.000597289	0.000459451	0.000474768	5.36E-05	8.42E-05	8.42E-05	3.06E-05	2.30E-05	0.000160805	8.42E-05	0.000137832	7.66E-06	1.53E-05
Pseudospirillum	0	1.53E-05	7.66E-06	3.06E-05	9.19E-05	0.000627916	0.00095719	0.000191433	0.000168462	0.000574315	4.59E-05	2.30E-05	0.000275668	2.30E-05	0.000122517
Bdellovibrio	0.002105828	0.002182403	0.002251321	0.001485566	0.00103377	0.000359903	0.000298643	0.001240524	0.000451796	0.000245036	0.000222069	0.000137836	0.001355387	0.000673865	0.000559002
Pedobacter	0.000137832	0.000114853	0.000252697	0.000390533	0.000260357	9.19E-05	0.000137832	0.000130176	9.19E-05	0.000153147	0.000107202	9.19E-05	3.83E-05	7.66E-05	0.000880617
Escherichia-Shigella	0.00322383	0.00278735	0.002121143	0.001860786	0.001523854	0.001194579	0.000796386	0.00109503	0.000329275	0.000191429	0.000168464	8.42E-05	0.000252695	0.000122519	0.000130176
Methylibium	0	1.53E-05	0	0	0	0	0	0	0	0	7.66E-06	0.000490079	0	0.001554481	0.000405842
Silanimonas	8.42E-05	2.30E-05	0.000176124	0.000336928	0.000421164	6.13E-05	6.89E-05	0.000283328	0.000145486	6.89E-05	7.66E-06	0	7.66E-06	0	2.30E-05
Dongia	0.002641856	0.002863925	0.001332415	0.001493223	0.001447278	0.001447278	0.001049085	0.000758098	0.000206748	0.00017612	0.000122517	6.89E-05	0.000137836	7.66E-06	0.000122519
Paucibacter	0.001952677	0.001508538	0.00143962	0.001508538	0.000895934	0.000995482	0.001263497	0.001562141	0.000650892	0.000742783	0.000359903	0.000290985	0.000666205	0.000536029	0.000597287
possible_genus_04	0.00023738	0.000321615	0.000137836	0.000199096	0.000229725	0.000199094	0.000153149	0.000252699	0.001079713	0.00024504	1.53E-05	3.83E-05	2.30E-05	3.06E-05	3.83E-05
Fictibacillus	0.000681522	0.000742783	0.000559002	0.000505399	0.000413508	0.001975649	0.001791868	0.00172295	0.001232866	0.000857646	0.001202236	0.001186921	0.001133318	0.001990964	0.001615744
Candidatus_Alysiosphaera	0.000168458	0.000130174	8.42E-05	4.59E-05	6.12E-05	0.002013937	0.001914389	0.001209894	0.000428821	0.000459451	0.000849989	0.000352248	0.000375218	0.000107198	0.00034459
Chthoniobacter	0	0	1.53E-05	3.83E-05	2.30E-05	3.83E-05	0.000191435	0.000183775	0.000252699	0.000237378	0	0	0	0	2.30E-05
Caulobacter	0.000114859	0.000130168	0.000260357	0.000160803	0.000321617	0.000964852	0.00071981	0.000421166	0.00021441	0.000160799	3.83E-05	3.06E-05	1.53E-05	1.53E-05	6.89E-05
Nordella	0.000482426	0.000566659	0.000528371	0.000681522	0.000597289	0.00143962	0.001125661	0.001156291	0.000742783	0.000428821	0.000459451	0.000245034	0.000451796	0.000245038	0.000536029
Sphingopyxis	0.001194579	0.002052225	0.001868443	0.001569799	0.001041428	0.001462593	0.000704495	0.000880619	0.000482424	0.000252691	6.89E-05	2.30E-05	0.000298645	8.42E-05	0.000130176
Mycobacterium	0.001945019	0.001569799	0.000819358	0.000857646	0.000490082	0.000421166	0.000176122	0.000137834	4.59E-05	2.30E-05	1.53E-05	0	3.06E-05	1.53E-05	0
Simiduia	0.000290985	0.000359905	0.000237384	0.000260353	0.00017612	0.000673865	0.000543686	0.002565281	0.001202236	0.000819358	0.000268014	0.000222065	0.001041428	0.001110346	0.001049085
Methylobacterium	0.000359905	0.00028333	0.000183775	0.000107204	0.000107194	0.000122517	7.66E-05	2.30E-05	1.53E-05	7.66E-06	4.59E-05	0	1.53E-05	0	7.66E-06
Parafilimonas	0.000359905	0.000413508	0.000268012	0.000650888	0.000160805	0.001577456	0.000804043	0.001386018	0.001845471	0.001156291	0.000413508	0.00028333	0.000842331	0.000987825	0.000520714
Domibacillus	0.000727468	0.000842331	0.001087373	0.001041428	0.001148633	0.000566659	0.000635577	0.001294127	0.000765756	0.000849989	0.000650892	0.000513054	0.001592771	0.001393675	0.002190061
Inquilinus	7.66E-06	3.83E-05	2.30E-05	5.36E-05	7.66E-06	0.000513052	0.000260357	9.19E-05	7.66E-05	8.42E-05	0.00026801	0.000122517	7.66E-05	3.06E-05	7.66E-05
Reyranella	0.000857646	0.001102688	0.001447278	0.00134773	0.001355387	0.00137836	0.001140976	0.00241213	0.002396814	0.00065855	0.000474768	0.000329275	0.000551344	0.000804043	0.000758098
Patulibacter	6.89E-05	9.19E-05	0.000122519	0.000268012	0.000222067	0.000421166	0.000421166	0.000344588	0.00028333	0.000735125	0.000459451	0.000260355	0.000290985	0.00031396	0.00062792
Polyangium	0.001707635	0.001761238	0.00169232	0.001516196	0.002113485	0.001087373	0.000865304	0.001309442	0.000528371	0.00020675	4.59E-05	7.66E-06	2.30E-05	1.53E-05	3.06E-05
Delftia	7.66E-06	0	0	1.53E-05	7.66E-06	7.66E-06	2.30E-05	0	0	0	0	0	1.53E-05	0	0
Ferruginibacter	0.000122511	9.95E-05	0.000114857	0.000137828	9.95E-05	0.001072058	0.001118003	0.000459453	0.000551344	0.001010797	0.000160803	5.36E-05	7.66E-05	0.000137834	0.000260355
Solitalea	0.000995482	0.001041428	0.001294127	0.001171606	0.001018455	0.001171606	0.000957194	0.0010644	0.00103377	0.001209894	0.000321617	0.00019909	0.000336932	0.000313958	0.000344586
Staphylococcus	0.001960334	0.001899074	0.001677005	0.001715292	0.001424305	0.001952677	0.001370702	0.001447278	0.000788728	0.000398193	0.000413508	0.000206754	0.000298645	0.000352246	0.000528371
Luteibacter	0.000528371	0.000811701	0.000574317	0.000482426	0.001248181	0.000559002	0.000367563	0.001631059	0.000827016	0.001500881	0.00024504	0.000122517	0.000321615	0.00013783	0.000382876
Azoarcus	0.001523853	0.000505399	0.000459451	0.000528371	0.000313956	0.000137832	5.36E-05	0.000206746	0.000122519	2.30E-05	4.59E-05	0	7.66E-06	0	0
Flavihumibacter	0	0	0	7.66E-06	0	9.95E-05	0.000107202	0.000413508	0.000612604	0.001102688	0	0	4.59E-05	0.000229725	0.000283326
unidentified_Alcaligenaceae	0.000436481	0.000321617	0.000888276	0.001278812	0.00021441	0.000191437	0.000183779	0.000122517	0.000153145	3.83E-05	6.13E-05	4.59E-05	3.06E-05	7.66E-06	4.59E-05
unidentified_Sandaracinaceae	0.000505399	0.000390535	0.000972509	0.000390535	0.000168462	6.12E-05	4.59E-05	0.00033693	7.66E-05	6.89E-05	3.06E-05	7.66E-06	0.000528371	0.000329275	0.00028333
Blautia	0.001424305	0.00109503	0.000849989	0.000574317	0.000980167	0.000773413	0.000536029	0.000681522	0.000153147	0.000183775	2.30E-05	2.30E-05	0	0	1.53E-05
Peredibacter	0	1.53E-05	2.30E-05	2.30E-05	1.53E-05	0.000696837	0.000336926	7.66E-05	9.95E-05	6.13E-05	0.000168464	3.83E-05	8.42E-05	2.30E-05	3.83E-05
Campylobacter	1.53E-05	7.66E-06	0	7.66E-06	7.66E-06	3.06E-05	2.30E-05	6.13E-05	7.66E-06	1.53E-05	0.000451792	0.000490084	0.001546826	0.001217551	0.000804043
Blastococcus	0.000903592	0.000574317	0.000543686	0.000536029	0.000344588	0.000513056	0.000329275	0.000581974	0.00040585	0.000153145	9.95E-05	9.19E-05	0.000137832	6.89E-05	6.89E-05
Rhodomicrobium	7.66E-05	0.000130172	3.06E-05	0.00016846	0.000114853	0.000505399	0.000298643	0.000168464	0.000122515	0.000275666	0.000130174	8.42E-05	6.89E-05	3.06E-05	7.66E-05
Hirschia	0.000872961	0.000490084	0.000505395	0.000421166	0.000222063	0.000183777	0.000145488	0.000107198	7.66E-05	0.000114859	7.66E-06	3.83E-05	3.83E-05	2.30E-05	0.000168464
Acidovorax	0.000903592	0.000497741	0.000482426	0.000581974	0.000367563	0.000398193	0.000183775	0.000390535	0.000390535	0.000114859	0.000114855	0.000114857	0.00017612	0.00016846	0.000145492
Brevundimonas	0.000444138	0.000275672	0.000183777	0.000352248	0.000283326	0.000268012	0.000283326	0.000895934	0.000237382	9.95E-05	3.83E-05	7.66E-06	5.36E-05	3.83E-05	6.89E-05
Cupriavidus	2.30E-05	1.53E-05	3.83E-05	1.53E-05	6.13E-05	0.000252697	0.000367557	3.83E-05	5.36E-05	7.66E-06	1.53E-05	0.000283322	7.66E-06	0.001194578	0.000558998
Dechloromonas	0.00068918	0.000551344	0.000903592	0.000758098	0.001163948	0.000543686	0.00034459	0.000643235	0.000451796	0.000467111	0.000199092	9.95E-05	0.000122517	3.83E-05	0.000137832
Luteimonas	7.66E-06	0.000329275	7.66E-06	0.000114857	4.59E-05	3.06E-05	5.36E-05	0	1.53E-05	7.66E-06	3.83E-05	5.36E-05	0	7.66E-06	7.66E-06
Sandaracinus	2.30E-05	1.53E-05	2.30E-05	3.83E-05	2.30E-05	7.66E-06	3.06E-05	1.53E-05	7.66E-06	7.66E-06	0	0	7.66E-06	0	2.30E-05
Luedemannella	6.89E-05	0.000329271	0.000160807	6.13E-05	0.000336928	0	0	0	5.36E-05	0	0	0	0	0	0
Rhizobacter	0.001631059	0.00169232	0.001477908	0.001462593	0.001171606	0.000559002	0.000505399	0.000543686	0.000214412	0.000153147	5.36E-05	3.83E-05	9.95E-05	6.13E-05	0.000122517
Brachybacterium	0.000114857	0.000114861	0.000137832	0.000290985	0.00016846	0.001163948	0.000681522	0.000329275	0.000413508	0.000359905	0.000145494	0.000122519	0.000153147	0.000183781	0.000237382
Cellulomonas	0.00020675	0.00031396	0.000352246	0.000268012	0.000176122	0.000696838	0.000666207	0.001431963	0.001010797	0.000451796	0.000329273	0.000222067	0.000673865	0.000742783	0.000673865
unidentified_Cytophagaceae	0.000451796	0.000505399	0.000696838	0.000428823	0.000375218	0.000114857	0.000122513	0.000183777	9.95E-05	0.000114855	0.000344588	0.000260355	0.000788728	0.001140976	0.002059882
Lacibacter	3.83E-05	0.000122517	2.30E-05	0.000313956	7.66E-06	0.000176122	6.13E-05	8.42E-05	5.36E-05	2.30E-05	0.000114859	6.13E-05	0.000252695	0.000183775	3.83E-05
Pseudolabrys	0.000321613	0.000183775	0.00028333	0.000367559	0.00037522	6.89E-05	9.19E-05	0.000122515	3.83E-05	2.30E-05	0	7.66E-06	3.06E-05	1.53E-05	0
Rhizomicrobium	0.00037522	0.000382878	0.000551344	0.000520714	0.000635577	0.00021441	0.00016846	0.00027567	0.000160805	0.000107202	0.000183777	6.89E-05	0.000222063	0.000145488	0.000222067
Phaselicystis	0	0	1.53E-05	0	0	0.000107204	7.66E-05	3.06E-05	1.53E-05	3.83E-05	5.36E-05	7.66E-05	0.000336926	0.000145492	0.000229721
Corynebacterium_1	0.000559002	0.000482426	0.000290985	0.000451796	9.19E-05	0.000796386	0.000704495	0.00065855	0.000237382	0.000168462	0.00068918	0.000359903	0.000758096	0.000444138	0.000405848
Marinicella	0.001477908	0.001217551	0.001087373	0.001125661	0.001049085	0.000329273	0.000237384	6.89E-05	2.30E-05	8.42E-05	0.00013783	0.000153149	0.000107206	4.59E-05	0.000107202
Nonomuraea	0.0003063	0.00034459	0.000245038	0.000490082	0.000260353	0.000191435	0.000145488	7.66E-05	3.06E-05	4.59E-05	2.30E-05	0	1.53E-05	0	1.53E-05
Virgisporangium	0.000398193	0.000329275	0.000252695	0.000252699	0.000222067	0.000880619	0.000635577	0.000620262	0.000130172	7.66E-05	7.66E-06	0	3.06E-05	0	2.30E-05
Nitrosospira	0.001271154	0.001493223	0.000918907	0.000941879	0.000727468	0.00075044	0.000666207	0.000268008	0.000191433	9.95E-05	9.19E-05	6.89E-05	6.13E-05	3.06E-05	6.89E-05
Bartonella	7.66E-06	0.000245042	7.66E-06	1.53E-05	2.30E-05	0	0	0	0	0	0	0	0	0	0
Actinophytocola	0.000229727	0.000199094	0.000298643	0.000245038	0.000283326	0.001202236	0.000742783	0.000880619	0.000459453	0.000444136	0.000673865	0.000436481	0.000781071	0.000283326	0.000827016
Hymenobacter	1.53E-05	3.06E-05	5.36E-05	3.06E-05	1.53E-05	7.66E-06	1.53E-05	4.59E-05	7.66E-06	0	7.66E-06	0.000222067	0	0.000842331	0.00024504
Herpetosiphon	0.000290983	0.000252693	0.000650888	0.000895934	0.000681522	9.19E-05	5.36E-05	2.30E-05	2.30E-05	0	0	0	0	0	0
Candidatus_Solibacter	0.000229727	0.000222069	0.000260357	0.000245038	0.000260357	0.000153147	9.95E-05	0.000153149	9.19E-05	7.66E-05	0.000245038	0.000145492	0.000773413	0.000650892	0.000895934
Euzebya	0.000926564	0.00075044	0.001110346	0.001087373	0.000704495	0.00031396	0.000306302	0.000773413	0.00028333	0.000107194	0.00037522	0.000229725	0.000513054	0.000413508	0.000428823
Paracocccus	0.000398193	0.000513056	0.000581974	0.000428823	0.000520714	0.000183777	0.00033693	0.000176122	0.000183777	0.000283328	0.000788726	0.000352248	0.000520714	0.000758098	0.000987825
Piscinibacter	0	1.53E-05	0	0	0	5.36E-05	0.000114861	3.83E-05	3.06E-05	5.36E-05	0	3.06E-05	0.0001072	3.83E-05	3.06E-05
Azospirillum	0.000712153	0.00071981	0.000666207	0.00071981	0.000696838	0.000122519	0.000160803	0.000114855	5.36E-05	1.53E-05	0	0	0	0	0
Asticcacaulis	0.000268014	0.000428823	0.000467111	0.00037522	0.000949537	0.00017612	0.000183781	0.000183777	0.000153149	0.000130174	4.59E-05	2.30E-05	1.53E-05	3.06E-05	3.83E-05
Rubellimicrobium	0.00103377	0.001163948	0.000620262	0.000735125	0.000643235	0.000505399	0.000474768	0.000298645	0.000107202	0.000114857	9.95E-05	4.59E-05	9.19E-05	6.13E-05	6.13E-05
Microcoleus	3.06E-05	2.30E-05	2.30E-05	9.95E-05	9.19E-05	5.36E-05	4.59E-05	3.83E-05	3.06E-05	0.000122513	4.59E-05	6.13E-05	0.000160807	0.000352246	0.000712153
Nannocystis	0.000222067	0.000459453	0.000306298	0.000275672	0.000390535	0.000413508	0.000252697	0.000444138	0.000482426	0.000199092	2.30E-05	3.06E-05	2.30E-05	1.53E-05	6.13E-05
Streptococcus	0.000214412	0.000329275	0.000321617	0.000306302	0.00027567	0.000252699	0.000268014	0.000459453	0.000313958	0.000222069	0.000206752	0.000122517	0.000566657	0.000352246	0.00033693
CL500-29_marine_group	0.000451796	0.000497741	0.000474768	0.000520714	0.000581974	3.06E-05	4.59E-05	9.19E-05	4.59E-05	4.59E-05	3.06E-05	3.06E-05	0	3.83E-05	1.53E-05
AKYG587	0.000352248	0.000413506	0.000183781	0.000321617	0.000183779	0.000528371	0.000252699	0.001041428	0.00068918	0.000581972	0.00031396	0.000114857	0.000727468	0.000543686	0.000796384
Aquabacterium	0.000918907	0.000888276	0.001010797	0.000911249	0.000842331	0.000245042	0.000153147	0.00027567	0.000122515	6.13E-05	1.53E-05	7.66E-06	0	0	4.59E-05
Pontibacter	3.83E-05	0.000160803	8.42E-05	3.06E-05	0.000122515	0.000229723	0.000352248	0.000206754	0.000490084	0.000390531	6.89E-05	4.59E-05	3.83E-05	2.30E-05	6.13E-05
Niabella	0.000260357	0.000237382	0.000214408	0.000176122	0.000206746	0.000926564	0.000551342	0.000796386	0.000298645	0.000229727	0.000696838	0.000183777	0.000398191	0.000214408	0.000336928
Ruminiclostridium_9	1.53E-05	0	1.53E-05	0	2.30E-05	7.66E-06	3.83E-05	4.59E-05	5.36E-05	9.19E-05	0	0	7.66E-06	0	0
Taibaiella	0	0	0	0.000199096	7.66E-06	7.66E-06	0	7.66E-06	0	0	0	0	0	0	0
Limnobacter	0	7.66E-06	7.66E-06	1.53E-05	7.66E-06	0	0	0	1.53E-05	0	0	0	0	1.53E-05	0
unidentified_Syntrophaceae	6.13E-05	6.13E-05	4.59E-05	1.53E-05	7.66E-06	0.00017612	9.19E-05	0.000581974	0.000145488	0.000214408	0.000107204	8.42E-05	0.000482426	0.000313958	0.000359901
Sphingobium	0	0	1.53E-05	0	0	0	0	0	0	0	0	0	0	0	0
Sporocytophaga	0.000536029	0.000421166	0.000382878	0.000505399	0.00031396	0.000949537	0.000827016	0.001056743	0.000781071	0.000490084	0.000727468	0.000474768	0.000352248	0.000597289	0.000934222
Rhodoplanes	0	0	7.66E-06	0.000191437	0	0	0	7.66E-06	7.66E-06	0	0	0	0	0	0
Oscillochloris	4.59E-05	0.000176122	0.000107204	0.000168462	9.95E-05	0.000176118	0.000252695	0.000428821	0.000168462	0.00020675	1.53E-05	7.66E-06	7.66E-06	0	3.06E-05
Starkeya	7.66E-06	2.30E-05	7.66E-06	3.06E-05	1.53E-05	0	0	0	0	0	0	0	0	0	0
Nitrolancea	0.000199094	0.00020675	0.000160809	0.000268008	0.000252695	0.000559002	0.000367563	0.000865304	0.00065855	0.000597289	0.000199094	9.19E-05	0.00028333	0.000252697	0.00031396
Brevibacillus	6.13E-05	4.59E-05	7.66E-05	0.00013017	6.13E-05	7.66E-06	7.66E-06	2.30E-05	0	2.30E-05	3.83E-05	1.53E-05	2.30E-05	0	8.42E-05
Tumebacillus	0.00023738	0.000283324	0.000137832	4.59E-05	3.06E-05	0.000168464	9.95E-05	6.13E-05	0	3.83E-05	8.42E-05	0	2.30E-05	2.30E-05	4.59E-05
Caenimonas	6.89E-05	0.00016846	0.000137832	0.000168462	8.42E-05	0.00016846	0.000206752	0.000566659	0.000367561	0.000206752	0	7.66E-06	2.30E-05	4.59E-05	1.53E-05
unidentified_DA101_soil_group	0.000191439	0.000222069	0.000183777	0.00020675	0.000191437	6.13E-05	3.06E-05	9.19E-05	5.36E-05	8.42E-05	0.000145486	9.95E-05	0.000107204	4.59E-05	7.66E-05
Erysipelatoclostridium	3.06E-05	7.66E-06	7.66E-06	1.53E-05	3.83E-05	9.95E-05	0.000137832	0.0003063	0.000344588	0.000107198	0	0	0	3.83E-05	2.30E-05
Candidatus_Chloroploca	2.30E-05	2.30E-05	8.42E-05	0.000114859	3.06E-05	7.66E-05	3.06E-05	8.42E-05	0.000107204	5.36E-05	0	0	0	7.66E-06	3.06E-05
Luteolibacter	0.000980167	0.000941879	0.000842331	0.00103377	0.000804043	0.000543686	0.000490082	0.000260355	0.000122517	0.000153141	3.06E-05	2.30E-05	3.06E-05	5.36E-05	5.36E-05
Actinocorallia	1.53E-05	7.66E-06	0	1.53E-05	4.59E-05	0.000114851	0.000222063	0.000145486	0.000306298	0.000275668	0	0	0	1.53E-05	1.53E-05
Labrys	0	0	0	2.30E-05	8.42E-05	7.66E-06	7.66E-06	3.83E-05	3.06E-05	3.06E-05	0	2.30E-05	3.06E-05	0	7.66E-05
Ruminococcaceae_UCG-014	0	0	7.66E-06	3.83E-05	0	1.53E-05	0	0.000114857	1.53E-05	1.53E-05	0.000160809	0	0.000130174	7.66E-06	0
Halomonas	0.000543686	0.000574317	0.000551344	0.00065855	0.000704495	0.00034459	0.000206754	0.000191437	0.000114859	3.06E-05	1.53E-05	3.83E-05	7.66E-06	5.36E-05	1.53E-05
Ferrovibrio	1.53E-05	0.000191437	3.06E-05	4.59E-05	4.59E-05	1.53E-05	0	3.83E-05	1.53E-05	7.66E-06	0	3.83E-05	7.66E-06	3.06E-05	2.30E-05
Azohydromonas	9.19E-05	4.59E-05	9.95E-05	6.13E-05	6.89E-05	0.00040585	0.000536029	0.00028333	0.00028333	0.000183775	0.00028333	0.000206754	0.000283328	0.00020675	0.000359905
Oceanicella	0.000137834	7.66E-05	0.000160805	0.000122513	6.13E-05	3.83E-05	1.53E-05	2.30E-05	6.13E-05	3.06E-05	3.06E-05	2.30E-05	0	2.30E-05	7.66E-06
Shimazuella	0.00026801	0.000413504	0.000421164	0.000199092	0.000191433	0.000589632	0.0003063	0.000428823	0.00020675	3.83E-05	3.83E-05	1.53E-05	6.89E-05	5.36E-05	6.13E-05
Romboutsia	0.0003063	0.000306302	0.00040585	0.000505399	0.000467111	0.000130172	0.00016846	0.000183781	0.000122515	7.66E-05	6.89E-05	5.36E-05	9.95E-05	6.89E-05	0.000168464
Myxococcus	3.06E-05	0	0	0.000153151	0	7.66E-06	0	7.66E-06	7.66E-06	1.53E-05	1.53E-05	0	0	0	0
Hydrogenophaga	8.42E-05	0.000176122	0.000199092	0.000122511	5.36E-05	0.000811701	0.000451796	0.000666207	0.000436481	0.000298639	0.000206752	7.66E-05	0.000290983	0.000199092	0.000222067
Agaricicola	0.000735125	0.000635577	0.000773413	0.000796386	0.000536029	0.000474768	0.000459453	0.000872961	0.000428823	0.000214412	0.000122515	3.06E-05	0.000222069	0.00019909	0.000206752
SM1A02	2.30E-05	8.42E-05	3.06E-05	3.06E-05	6.89E-05	0.000145488	0.000122515	0.000107198	6.89E-05	2.30E-05	7.66E-06	3.06E-05	0	3.06E-05	7.66E-06
Edaphobacter	3.06E-05	6.89E-05	5.36E-05	2.30E-05	6.13E-05	3.06E-05	1.53E-05	2.30E-05	7.66E-06	1.53E-05	7.66E-06	0	0	0	0
Aminobacter	0.000428823	0.000444138	0.000513056	0.000612604	0.000375218	0.000497741	0.000382878	0.000352248	0.00016846	9.95E-05	0.000122515	7.66E-05	8.42E-05	6.89E-05	0.000137836
Mucilaginibacter	0.000513056	0.000666207	0.000260355	0.000313958	0.000528371	3.06E-05	6.89E-05	9.95E-05	2.30E-05	7.66E-06	0	0	0	1.53E-05	0
Bauldia	0.000421166	0.000237384	0.000298645	0.00031396	0.000137832	0.000329273	0.000260353	0.000574317	0.00027567	0.000206746	0.000122515	8.42E-05	0.000413508	0.000482426	0.000444138
Polaromonas	4.59E-05	3.83E-05	5.36E-05	7.66E-05	3.83E-05	5.36E-05	5.36E-05	0.000145492	0.0001072	6.13E-05	7.66E-06	7.66E-06	0	7.66E-06	7.66E-06
Anaeromyxobacter	7.66E-06	1.53E-05	0	1.53E-05	0	0.000245042	0.000229725	0.000329275	0.000222065	0.00014549	0.00013783	0.00017612	0.000336932	0.000237378	0.000275668
Vulgatibacter	2.30E-05	4.59E-05	0	3.06E-05	2.30E-05	7.66E-06	7.66E-06	1.53E-05	1.53E-05	3.06E-05	0	1.53E-05	1.53E-05	4.59E-05	3.83E-05
Burkholderia	7.66E-06	0	7.66E-06	0	3.83E-05	1.53E-05	0	0	7.66E-06	7.66E-06	0	0	0	0	7.66E-06
Parasutterella	7.66E-06	3.06E-05	0.000160801	9.19E-05	0.000160805	0	0	0	0	0	0	0	0	0	0
Clostridium_sensu_stricto_1	0	0	7.66E-06	0	0	0	0	0.000107206	0.000153145	4.59E-05	0	0	7.66E-06	0	0
Rhodopseudomonas	0.000168466	0.000191437	0.000153149	0.000191435	0.000168462	0.000114859	8.42E-05	0.000474768	0.000114861	0.00017612	5.36E-05	3.06E-05	6.89E-05	7.66E-05	9.95E-05
Fodinicola	0	1.53E-05	2.30E-05	1.53E-05	2.30E-05	0.000145488	0.000191437	9.95E-05	5.36E-05	8.42E-05	0.000183771	4.59E-05	0.000191439	4.59E-05	0.000145488
Prosthecobacter	0.00021441	0.000160805	0.000199092	0.000176122	0.000176122	0.000482426	0.000528371	0.000451796	0.000367563	0.000222067	0.000436481	0.000229723	0.000612604	0.000566659	0.000566659
Flavonifractor	0.000176122	0.00017612	0.00014549	0.000206752	0.000153147	4.59E-05	0.000153149	0.000229727	7.66E-05	7.66E-05	2.30E-05	0	0	7.66E-06	7.66E-06
Roseomonas	7.66E-06	1.53E-05	0	0	7.66E-06	6.89E-05	3.06E-05	4.59E-05	3.06E-05	2.30E-05	0.000137832	7.66E-05	7.66E-05	3.06E-05	0.00023738
Microlunatus	0	7.66E-06	5.36E-05	9.19E-05	3.06E-05	0	0	0	7.66E-06	0	0	0	0	0	0
Sporichthya	0.000283328	0.000260357	0.00023738	0.000283328	9.19E-05	0.000336932	0.000268014	0.000290987	0.000382876	4.59E-05	6.89E-05	2.30E-05	0.000199092	6.13E-05	2.30E-05
Zymomonas	0.000260357	0.00040585	0.000260357	0.000298645	0.000268014	0.00028333	0.000237382	0.000222069	0.00014549	5.36E-05	0.000490084	0.000268014	0.000520714	0.000321617	0.000390533
Rickettsia	0.000298641	0.000199092	0.000298643	0.000306302	0.00027567	0.000229723	0.000206752	0.000367563	0.000306302	0.000321615	0.000229725	0.00014549	0.000237384	0.00031396	0.000413508
Crocinitomix	2.30E-05	4.59E-05	3.83E-05	6.13E-05	9.19E-05	2.30E-05	0	6.12E-05	2.30E-05	2.30E-05	3.06E-05	0	2.30E-05	7.66E-06	3.06E-05
Tahibacter	2.30E-05	1.53E-05	6.89E-05	6.13E-05	5.36E-05	0.000137832	0.000229725	0.000122515	0.000153145	0.00027567	0.000145492	9.95E-05	9.95E-05	0.000107204	0.000268012
Pseudogulbenkiania	0.00023738	0.00020675	0.00023738	0.000275672	0.000260353	0.000107198	9.95E-05	0.000160801	0.000107194	3.83E-05	9.95E-05	2.30E-05	6.13E-05	3.83E-05	6.89E-05
unidentified_Blfdi19	9.19E-05	0.000260355	0.000214408	0.000168458	7.66E-05	0.000536029	0.000390535	0.000490084	0.000199096	0.000191435	0.000160803	0.000114859	0.000252693	0.000191433	0.00021441
Legionella	0.00013783	0.000122517	0.000252697	0.000160809	0.000137832	3.83E-05	6.89E-05	8.42E-05	1.53E-05	1.53E-05	0	0	2.30E-05	0	2.30E-05
unidentified_DB1-14	6.13E-05	0.000130174	5.36E-05	3.83E-05	6.13E-05	1.53E-05	3.83E-05	3.06E-05	1.53E-05	2.30E-05	3.83E-05	2.30E-05	7.66E-06	3.83E-05	0.000114857
Micromonospora	0	0	7.66E-06	1.53E-05	0	0	7.66E-06	0	0	0	0	0	0	0	0
Helicobacter	1.53E-05	2.30E-05	4.59E-05	6.13E-05	2.30E-05	2.30E-05	2.30E-05	5.36E-05	0	3.06E-05	7.66E-06	0	0	0	7.66E-06
unidentified_Ruminococcaceae	3.83E-05	5.36E-05	4.59E-05	6.89E-05	6.13E-05	9.95E-05	0.000222067	4.59E-05	1.53E-05	0	0.000260357	0.000114859	0.00021441	0	4.59E-05
Oxalophagus	0	0	0	0	0	0	0	7.66E-06	0	1.53E-05	0	3.06E-05	0	0.000260353	4.59E-05
Coxiella	0	0	0	0	7.66E-06	7.66E-06	0	1.53E-05	0	2.30E-05	0	0	0	0	0
Ralstonia	0	7.66E-06	2.30E-05	7.66E-06	2.30E-05	0	0	7.66E-06	7.66E-06	2.30E-05	0	0	0	0	0
Geodermatophilus	8.42E-05	0.000114857	7.66E-05	6.89E-05	0.000191429	3.06E-05	6.13E-05	3.83E-05	2.30E-05	3.83E-05	3.06E-05	2.30E-05	7.66E-05	0	0.000137836
Craurococcus	4.59E-05	0.000107206	4.59E-05	0.00017612	6.89E-05	6.13E-05	2.30E-05	5.36E-05	3.83E-05	2.30E-05	7.66E-06	0	0	0	0
Rhodococcus	0	0	0	0	0	0	0	0	0	0	0	1.53E-05	0	0	0.000114861
Paucimonas	3.06E-05	3.83E-05	2.30E-05	0.000122517	3.83E-05	0.00020675	0.000114855	7.66E-05	8.42E-05	6.89E-05	3.06E-05	0	7.66E-06	0	0
Acidiferrobacter	0.000145484	0.000122515	0.000130172	9.19E-05	9.19E-05	0.000153145	5.36E-05	0.000122515	7.66E-05	4.59E-05	0.000137834	7.66E-05	0.000176122	2.30E-05	4.59E-05
Nitrosomonas	2.30E-05	3.06E-05	7.66E-06	1.53E-05	0	0	0	7.66E-06	0	0	0	0	0	0	0
Candidatus_Odyssella	0	0	0	0	0	0.000153147	0.000183771	2.30E-05	2.30E-05	3.83E-05	3.06E-05	1.53E-05	1.53E-05	7.66E-06	0
Saccharothrix	0.000145486	9.95E-05	0.000137832	0.000153147	9.95E-05	3.06E-05	3.83E-05	0.0001072	5.36E-05	7.66E-06	2.30E-05	2.30E-05	0	7.66E-06	0
Turneriella	0	2.30E-05	7.66E-06	0.000114859	3.06E-05	4.59E-05	1.53E-05	1.53E-05	3.83E-05	2.30E-05	7.66E-06	0	0	0	7.66E-06
Spirochaeta_2	0.000222069	0.000145492	0.000260355	0.000229725	0.000222069	3.06E-05	7.66E-05	9.19E-05	3.06E-05	3.06E-05	7.66E-05	8.42E-05	4.59E-05	7.66E-06	5.36E-05
Ruminococcaceae_UCG-005	0	0	0	0	0	3.06E-05	7.66E-05	0	7.66E-06	5.36E-05	0	0	0	0	0
Defluviicoccus	0.00020675	0.000183775	0.000390533	0.000237382	0.00014549	6.13E-05	5.36E-05	3.83E-05	1.53E-05	3.06E-05	0	0	1.53E-05	7.66E-06	3.83E-05
Thauera	3.06E-05	2.30E-05	0	2.30E-05	3.83E-05	3.83E-05	1.53E-05	0.000344586	9.19E-05	2.30E-05	0	0	3.83E-05	7.66E-06	1.53E-05
C1-B045	0.000336932	0.000252699	0.000367563	0.000352248	0.000352248	0.000413508	0.000444138	0.000306302	0.000168462	0.000191435	4.59E-05	2.30E-05	6.13E-05	5.36E-05	8.42E-05
Geobacter	0.000275672	0.000153151	0.000122517	0.000122515	5.36E-05	0	0	0	7.66E-06	0	0	0	0	0	0
Panacagrimonas	9.19E-05	5.36E-05	9.95E-05	5.36E-05	3.83E-05	8.42E-05	9.19E-05	6.13E-05	2.30E-05	5.36E-05	7.66E-05	6.13E-05	5.36E-05	2.30E-05	6.89E-05
Xanthomonas	3.83E-05	4.59E-05	1.53E-05	6.13E-05	2.30E-05	0	0	0	7.66E-06	0	0	0	0	0	0
Seinonella	7.66E-06	0	0	0	0	0	0	1.53E-05	0	7.66E-06	7.66E-06	0	1.53E-05	1.53E-05	0.000130174
Fluviicola	0.000405846	0.000321617	0.000306302	0.000214408	0.000183777	9.19E-05	4.59E-05	3.83E-05	4.59E-05	7.66E-06	0	0	7.66E-06	0	0
Geminicoccus	0.000176116	0.000145486	7.66E-05	9.19E-05	3.83E-05	9.19E-05	6.13E-05	6.89E-05	1.53E-05	7.66E-06	0	0	0	0	0
Eubacterium_coprostanoligenes_group	1.53E-05	7.66E-06	1.53E-05	3.83E-05	1.53E-05	0	0	0	0	0	0	0	0	7.66E-06	2.30E-05
Dokdonella	0.000168464	0.00020675	0.000298643	0.000245042	0.000183777	0.000290987	0.00023738	0.000260357	0.000206752	6.89E-05	0.000145486	9.19E-05	0.000153147	0.000160803	0.000107198
Rufibacter	0.000168462	8.42E-05	0.000191435	0.000145488	0.000222065	0.000107192	7.66E-05	0.000206754	9.95E-05	0.000130174	0.000107204	3.83E-05	0	3.06E-05	3.06E-05
Elstera	4.59E-05	2.30E-05	2.30E-05	4.59E-05	6.89E-05	0	0	1.53E-05	7.66E-06	0	0	0	0	0	0
unidentified_Moraxellaceae	0	0	1.53E-05	7.66E-06	7.66E-06	4.59E-05	0	7.66E-06	7.66E-06	7.66E-06	2.30E-05	0	7.66E-06	0	0
Cohnella	0	0	7.66E-06	0	0	0	7.66E-06	7.66E-06	7.66E-06	7.66E-06	0	0	0	2.30E-05	0.000137828
Lautropia	3.83E-05	9.19E-05	0.000229723	9.19E-05	0.00024504	0	0	0	7.66E-06	0	0	0	0	0	0
Nocardia	9.95E-05	0.00013783	6.13E-05	9.95E-05	7.66E-05	0.000459453	0.000298645	0.00031396	0.000153147	0.000130168	6.13E-05	7.66E-06	0	1.53E-05	2.30E-05
Vibrio	0	0	0	0	0	9.19E-05	3.83E-05	7.66E-06	0	0	0	7.66E-06	0	0	0
unidentified_Chitinophagaceae	0.000321615	0.000336932	0.000183779	0.00019909	0.000168462	0.00027567	0.00023738	0.00014549	9.95E-05	3.83E-05	0.000160805	0.000137828	7.66E-05	6.13E-05	7.66E-05
unidentified_34P16	0	0	0	1.53E-05	0	0	0	8.42E-05	0	0	0	0	0	0	0
Actinotalea	0.000137834	0.000168464	0.000252697	0.000260357	0.000122519	6.89E-05	2.30E-05	7.66E-05	8.42E-05	5.36E-05	3.83E-05	9.19E-05	6.89E-05	9.95E-05	5.36E-05
Actinomadura	7.66E-06	2.30E-05	8.42E-05	8.42E-05	0.000145492	0	0	0	0	0	0	0	0	0	0
Demequina	0	2.30E-05	0.000114863	3.83E-05	3.06E-05	0	0	1.53E-05	2.30E-05	7.66E-06	0	0	0	0	0
Aciditerrimonas	7.66E-06	7.66E-06	1.53E-05	2.30E-05	3.06E-05	0	0	0	7.66E-06	0	0	0	0	0	0
unidentified_Nitrosomonadaceae	0.000168462	0.000153147	0.000145492	7.66E-05	0.0001072	0.000398193	0.000421166	0.000275672	0.000237384	0.000183779	0.000160807	0.000114859	0.00023738	0.000222063	0.000229725
unidentified_0319-6A21	8.42E-05	0.000107198	0.000191435	0.000145488	0.000145488	0.000199094	0.000252697	0.000229721	0.000137832	5.36E-05	7.66E-06	0	8.42E-05	7.66E-05	5.36E-05
Alistipes	0	0	1.53E-05	1.53E-05	0	1.53E-05	0	0	0	7.66E-06	0	7.66E-06	0	0	0
Amaricoccus	3.06E-05	1.53E-05	0	0	0	1.53E-05	3.06E-05	0	1.53E-05	1.53E-05	0	0	0	7.66E-06	0
Parabacteroides	0	0	7.66E-06	0	0	7.66E-05	0	0	0	0	0	0	0	0	0
Allocatelliglobosispora	0	0	0	0	0	0	0	0	0	0	0	0	0	0	0
Alterococcus	7.66E-06	3.06E-05	4.59E-05	2.30E-05	1.53E-05	3.83E-05	1.53E-05	0.000359903	0.000176124	0.000114857	0	2.30E-05	9.95E-05	8.42E-05	6.89E-05
Nitrosococcus	0.000160805	0.000160805	0.000122519	9.95E-05	9.19E-05	2.30E-05	1.53E-05	9.19E-05	0	2.30E-05	0	0	0	0	7.66E-06
Litorilinea	1.53E-05	7.66E-06	0	2.30E-05	1.53E-05	1.53E-05	2.30E-05	1.53E-05	3.06E-05	0	0	0	0	0	0
Candidatus_Microthrix	2.30E-05	0	4.59E-05	0.000114861	1.53E-05	1.53E-05	0	0	0	0	0	0	0	0	0
Byssovorax	1.53E-05	7.66E-05	1.53E-05	3.06E-05	0	7.66E-06	0	0	0	0	0	0	0	0	0
Desulfovibrio	0.000245042	0.000114853	4.59E-05	8.42E-05	1.53E-05	2.30E-05	7.66E-06	2.30E-05	0	7.66E-06	0	1.53E-05	0	0	0
Lachnospiraceae_NK4A136_group	0.000206752	0.000245042	0.00020675	0.000298643	0.000183779	7.66E-06	1.53E-05	1.53E-05	7.66E-06	7.66E-06	0	1.53E-05	2.30E-05	0	2.30E-05
Nibribacter	0.000130174	0.000114853	0.000145484	0.000145488	0.000130176	2.30E-05	3.06E-05	3.83E-05	0	7.66E-06	7.66E-06	0	1.53E-05	0	0
Cystobacter	4.59E-05	5.36E-05	5.36E-05	7.66E-06	5.36E-05	0.000130172	0.000114859	6.89E-05	1.53E-05	5.36E-05	0.000130176	4.59E-05	3.06E-05	0	0.000153147
Emticicia	0.000122521	9.19E-05	0.000137836	6.89E-05	0.000114861	0.000130174	0.000114857	2.30E-05	5.36E-05	6.89E-05	3.06E-05	7.66E-06	1.53E-05	0	3.83E-05
Oligoflexus	8.42E-05	9.19E-05	0.000153145	0.000153145	6.89E-05	2.30E-05	1.53E-05	6.13E-05	1.53E-05	2.30E-05	3.83E-05	7.66E-06	5.36E-05	0	2.30E-05
Kaistia	0.000114857	3.06E-05	8.42E-05	6.89E-05	0.000183777	0.000107198	0.000122511	0.000168466	0.000130174	0.000130174	3.83E-05	2.30E-05	3.06E-05	0	3.06E-05
unidentified_Acidobacteria	2.30E-05	2.30E-05	7.66E-05	3.06E-05	7.66E-06	0.0001072	1.53E-05	4.59E-05	2.30E-05	1.53E-05	0	0	0	0	7.66E-06
Filimonas	0	7.66E-06	1.53E-05	3.06E-05	0	7.66E-06	0	7.66E-05	1.53E-05	3.83E-05	0	0	0	2.30E-05	5.36E-05
Bacteriovorax	9.95E-05	0.000107204	0.000145488	0.000176116	0.000191433	2.30E-05	1.53E-05	5.36E-05	2.30E-05	0	0	0	0	7.66E-06	0
Prosthecomicrobium	0.000176118	0.000237382	0.000160809	0.000206746	0.000122511	5.36E-05	1.53E-05	6.89E-05	1.53E-05	1.53E-05	1.53E-05	0	0	0	7.66E-06
Moraxella	8.42E-05	3.83E-05	6.89E-05	6.13E-05	6.13E-05	6.89E-05	6.13E-05	6.13E-05	8.42E-05	1.53E-05	0.000130174	7.66E-05	0.000222069	0.000153147	0.00020675
Christensenellaceae_R-7_group	0.000107202	6.13E-05	8.42E-05	0.000137832	0.0001072	1.53E-05	1.53E-05	9.19E-05	4.59E-05	7.66E-06	1.53E-05	7.66E-06	2.30E-05	0	0
Asteroleplasma	0.000114857	0.000176118	0.000153147	0.000199096	0.000114861	7.66E-05	6.89E-05	6.12E-05	4.59E-05	3.83E-05	0	0	3.06E-05	3.06E-05	2.30E-05
Aureispira	5.36E-05	6.13E-05	7.66E-05	5.36E-05	7.66E-05	0	1.53E-05	1.53E-05	7.66E-06	7.66E-06	3.06E-05	4.59E-05	0.00013783	0.000107202	0.000107202
Roseimicrobium	0.000160803	0.000130174	0.000114859	0.000107196	0.000130178	5.36E-05	3.83E-05	7.66E-05	9.19E-05	2.30E-05	3.06E-05	7.66E-06	0	0	0
Sediminibacterium	8.42E-05	9.19E-05	6.89E-05	8.42E-05	9.19E-05	6.89E-05	0.000160805	9.19E-05	3.83E-05	3.06E-05	0.000222065	6.89E-05	7.66E-05	3.83E-05	0.000130174
Chitiniphilus	2.30E-05	2.30E-05	1.53E-05	3.83E-05	0	0	0	0	0	0	0	0	0	0	7.66E-06
Actinomyces	0.000114859	0.0001072	3.83E-05	0.0001072	7.66E-06	1.53E-05	3.06E-05	2.30E-05	2.30E-05	7.66E-06	0	0	1.53E-05	0	0
Fulvimonas	7.66E-05	9.19E-05	0.000145488	0.000114853	5.36E-05	4.59E-05	7.66E-05	3.06E-05	3.06E-05	3.06E-05	2.30E-05	2.30E-05	3.83E-05	3.83E-05	6.13E-05
Chiayiivirga	0	0	0	0	0	0	0	6.89E-05	0	0	0	0	0	0	0
Cytophaga	0	7.66E-06	0	1.53E-05	0	0	6.13E-05	4.59E-05	0	0	7.66E-06	2.30E-05	0	0	0
Pseudoxanthobacter	0	0	0	7.66E-06	1.53E-05	2.30E-05	7.66E-06	0.000237384	0.000137834	3.06E-05	7.66E-06	7.66E-06	0.000183779	7.66E-05	0.000114855
Rhodocytophaga	0.000229719	5.36E-05	7.66E-06	3.83E-05	0	1.53E-05	0	0	0	0	0	0	0	0	0
unidentified_Gaiellales	7.66E-06	0	0	0	1.53E-05	6.13E-05	0	0	0	0	0	0	0	0	0
unidentified_OPB35_soil_group	0.000114861	0.000107204	0.00016846	0.000130176	9.95E-05	5.36E-05	9.19E-05	2.30E-05	3.83E-05	6.89E-05	0.000107198	2.30E-05	7.66E-05	3.06E-05	0.0001072
Leptolyngbya	8.42E-05	9.19E-05	3.83E-05	3.06E-05	3.06E-05	0	5.36E-05	0	0	0	0	0	7.66E-06	0	7.66E-06
unidentified_Spirochaetes	0	2.30E-05	1.53E-05	7.66E-06	7.66E-06	7.66E-06	7.66E-06	7.66E-06	0	0	0	0	0	0	0
Ruminiclostridium_6	3.83E-05	5.36E-05	8.42E-05	0.000114855	6.12E-05	1.53E-05	0	1.53E-05	0	7.66E-06	0	0	0	0	0
unidentified_CA002	0.000160803	3.83E-05	0	2.30E-05	7.66E-06	0	0	0	0	0	0	0	0	0	0
Candidatus_Xiphinematobacter	7.66E-06	3.06E-05	6.89E-05	7.66E-06	6.13E-05	0	0	0	0	7.66E-06	0	0	0	0	0
Algoriphagus	4.59E-05	0	0	4.59E-05	3.06E-05	0	0	0	0	0	2.30E-05	7.66E-06	0	7.66E-06	7.66E-06
Haliea	1.53E-05	0	7.66E-06	0	7.66E-06	0	0	0	0	0	7.66E-06	0	0	0	0
Ruminococcaceae_NK4A214_group	1.53E-05	0	0	7.66E-06	7.66E-06	6.13E-05	3.83E-05	3.06E-05	6.89E-05	3.06E-05	1.53E-05	2.30E-05	1.53E-05	1.53E-05	8.42E-05
Ruminococcus_2	7.66E-06	0	0	0	0	2.30E-05	6.13E-05	9.95E-05	2.30E-05	7.66E-05	0	0	6.13E-05	0	2.30E-05
Candidatus_Captivus	0.000176124	0.000352246	0.000114853	0.000130172	0.000214412	8.42E-05	0.000137834	3.06E-05	7.66E-06	7.66E-06	0	0	0	0	0
Candidatus_Trichorickettsia	2.30E-05	0	0	3.06E-05	1.53E-05	0	0	7.66E-06	0	0	0	0	0	0	0
Paucisalibacillus	0	0	3.83E-05	2.30E-05	2.30E-05	0	7.66E-06	0	0	0	0	0	1.53E-05	0	7.66E-06
Collinsella	7.66E-06	7.66E-06	7.66E-06	5.36E-05	2.30E-05	1.53E-05	0	1.53E-05	0	0	0	0	0	0	0
Oscillibacter	0.00019909	0.000176124	9.95E-05	0.000191437	9.19E-05	0.000222069	0.000130172	0.00017612	0.000199096	7.66E-05	0.000168458	0.000114857	0.000268012	0.000145484	0.00013017
Coprococcus_2	9.95E-05	9.95E-05	0.000114861	0.000153145	0.000137834	7.66E-06	3.83E-05	0	1.53E-05	0	7.66E-06	0	0	0	0
unidentified_Verrucomicrobiaceae	9.19E-05	0.000130172	0.000130172	0.000222063	4.59E-05	6.13E-05	4.59E-05	1.53E-05	7.66E-06	0	0	0	0	0	0
Dactylosporangium	1.53E-05	4.59E-05	5.36E-05	3.06E-05	3.06E-05	0.000107202	4.59E-05	0.000130168	7.66E-05	3.83E-05	0.000114859	2.30E-05	0.000153149	0.00013783	9.95E-05
Pirellula	3.06E-05	0	1.53E-05	4.59E-05	3.06E-05	0	7.66E-06	0	7.66E-06	0	2.30E-05	0	1.53E-05	0	0
Ferribacterium	1.53E-05	6.89E-05	0	1.53E-05	0	7.66E-06	7.66E-06	4.59E-05	1.53E-05	7.66E-06	0	0	0	0	3.83E-05
Candidatus_Koribacter	0.000222069	0.000114857	0.000153147	0.000168464	0.000191435	1.53E-05	3.06E-05	0	7.66E-06	0	0	2.30E-05	0	0	0
Gemmobacter	0.000114857	0.000107202	5.36E-05	6.13E-05	6.12E-05	7.66E-06	2.30E-05	1.53E-05	0	7.66E-06	0	0	2.30E-05	0	7.66E-06
CL500-3	9.19E-05	5.36E-05	9.19E-05	4.59E-05	3.06E-05	0	1.53E-05	1.53E-05	7.66E-06	0	0	0	7.66E-06	0	3.06E-05
Gemmata	1.53E-05	7.66E-06	7.66E-06	4.59E-05	0	0	0	7.66E-06	0	0	0	2.30E-05	0	2.30E-05	0
Laceyella	7.66E-06	7.66E-06	3.83E-05	6.89E-05	3.06E-05	1.53E-05	0	0	0	0	3.83E-05	0	0	7.66E-06	1.53E-05
Verrucomicrobium	7.66E-06	1.53E-05	1.53E-05	0	7.66E-06	0	0	0	0	7.66E-06	0	0	3.06E-05	7.66E-06	6.89E-05
Clostridium_sensu_stricto_13	7.66E-06	6.89E-05	5.36E-05	2.30E-05	6.13E-05	0.000122515	4.59E-05	5.36E-05	3.06E-05	2.30E-05	0	0	0	0	1.53E-05
unidentified_Rickettsiales	7.66E-06	6.13E-05	1.53E-05	7.66E-06	2.30E-05	2.30E-05	0	9.95E-05	3.06E-05	3.06E-05	0	0	7.66E-06	0	0
Candidatus_Hepatoplasma	0.000107198	6.13E-05	2.30E-05	3.06E-05	7.66E-06	7.66E-05	2.30E-05	7.66E-05	4.59E-05	3.83E-05	7.66E-06	1.53E-05	1.53E-05	7.66E-06	2.30E-05
Neisseria	0	0	1.53E-05	2.30E-05	7.66E-06	0	3.06E-05	0	0	0	3.83E-05	3.06E-05	6.13E-05	2.30E-05	2.30E-05
unidentified_ML635J-21	8.42E-05	3.83E-05	4.59E-05	4.59E-05	2.30E-05	7.66E-06	0	4.59E-05	7.66E-06	0	0	0	0	7.66E-06	0
Jatrophihabitans	7.66E-06	7.66E-06	0	3.06E-05	1.53E-05	0	0	0	0	0	0	0	0	0	0
Constrictibacter	0	1.53E-05	0	0	2.30E-05	7.66E-06	7.66E-06	0	7.66E-06	0	0	0	0	7.66E-06	3.83E-05
unidentified_Saccharibacteria	8.42E-05	0	2.30E-05	1.53E-05	3.83E-05	0	0	0	0	0	0	0	0	0	0
Candidatus_Methylacidiphilum	3.06E-05	0.000160809	9.95E-05	6.89E-05	3.06E-05	9.95E-05	6.13E-05	3.06E-05	3.83E-05	0	0	0	7.66E-06	2.30E-05	0
Faecalibacterium	6.13E-05	3.83E-05	5.36E-05	3.06E-05	5.36E-05	0	7.66E-06	0	0	0	0	0	0	7.66E-06	0
Pseudobutyrivibrio	1.53E-05	1.53E-05	6.89E-05	4.59E-05	6.89E-05	4.59E-05	4.59E-05	3.06E-05	3.83E-05	2.30E-05	0	0	7.66E-06	0	0
Roseobacter_clade_CHAB-I-5_lineage	9.19E-05	7.66E-06	5.36E-05	1.53E-05	3.83E-05	1.53E-05	1.53E-05	4.59E-05	1.53E-05	1.53E-05	1.53E-05	0	7.66E-06	7.66E-06	0
Fontimonas	3.06E-05	2.30E-05	7.66E-06	1.53E-05	0	1.53E-05	3.83E-05	3.06E-05	0.000114857	4.59E-05	7.66E-06	0	0	0	0
Chelatococcus	7.66E-06	1.53E-05	7.66E-06	1.53E-05	2.30E-05	0	0	0	0	0	0	0	0	0	0
unidentified_Lachnospiraceae	5.36E-05	0.000114855	0.000107202	6.13E-05	0.000130176	2.30E-05	7.66E-06	7.66E-06	0	7.66E-06	0	0	0	1.53E-05	0
GAL15	0	0	0	7.66E-06	7.66E-06	0	0	0	0	0	0	0	0	0	0
Leptospirillum	0	0	0	0	0	0	0	0	0	0	0	0	0	0	0
Halobacteriovorax	7.66E-06	0	0	2.30E-05	7.66E-06	0	0	4.59E-05	0	7.66E-06	0	0	0	0	0
Thermoanaerobacterium	8.42E-05	4.59E-05	9.95E-05	0.000137832	4.59E-05	0.000183781	8.42E-05	9.95E-05	5.36E-05	6.13E-05	8.42E-05	6.13E-05	3.06E-05	3.06E-05	7.66E-06
Perlucidibaca	1.53E-05	6.13E-05	2.30E-05	3.06E-05	3.83E-05	7.66E-05	2.30E-05	7.66E-05	5.36E-05	7.66E-06	8.42E-05	2.30E-05	6.13E-05	2.30E-05	1.53E-05
Thermoactinomyces	7.66E-06	0	0	0	0	1.53E-05	7.66E-05	7.66E-06	0	9.19E-05	7.66E-06	3.06E-05	7.66E-06	7.66E-06	7.66E-05
Methylocaldum	0.00013783	6.89E-05	4.59E-05	3.83E-05	0	1.53E-05	1.53E-05	2.30E-05	1.53E-05	0	0	0	0	0	0
Pseudofulvimonas	5.36E-05	0.000107202	6.13E-05	4.59E-05	6.13E-05	5.36E-05	3.83E-05	2.30E-05	1.53E-05	1.53E-05	7.66E-06	3.06E-05	0	0	7.66E-06
Sinosporangium	0	0	0	7.66E-06	0	0	0	7.66E-06	4.59E-05	0	0	0	0	0	0
Anaerotruncus	3.06E-05	7.66E-05	6.89E-05	4.59E-05	5.36E-05	6.89E-05	5.36E-05	3.06E-05	2.30E-05	1.53E-05	0	0	0	0	0
unidentified_Rickettsiaceae	0	0	7.66E-06	2.30E-05	0	7.66E-06	3.83E-05	1.53E-05	0	0.000130172	0	0	0	0	4.59E-05
Family_XIII_AD3011_group	4.59E-05	3.83E-05	7.66E-06	0	3.83E-05	0	7.66E-06	0	7.66E-06	0	0	0	0	0	0
Rheinheimera	0	0	0	0	0	7.66E-06	0	0	3.83E-05	7.66E-06	0	0	7.66E-06	0	7.66E-06
Sporacetigenium	0	0	0	0	0	5.36E-05	7.66E-06	0	0	0	0	0	0	0	0
Ruminiclostridium_1	3.06E-05	6.89E-05	3.83E-05	1.53E-05	6.89E-05	0.000176122	0.000107198	9.95E-05	3.83E-05	1.53E-05	0	7.66E-06	3.83E-05	1.53E-05	1.53E-05
Rothia	1.53E-05	1.53E-05	0	0	2.30E-05	0	1.53E-05	7.66E-06	7.66E-06	0	0	0	0	0	0
Hylemonella	1.53E-05	2.30E-05	3.83E-05	1.53E-05	1.53E-05	7.66E-06	7.66E-06	7.66E-06	0	7.66E-06	0	0	7.66E-06	0	0
Roseococcus	0	0	0	0	0	0	0	0	7.66E-06	0	0	0	0	0	0
Geobacillus	6.13E-05	7.66E-06	7.66E-06	3.06E-05	7.66E-06	7.66E-06	0	1.53E-05	0	0	0	0	1.53E-05	0	0
Melissococcus	0	0	0	0	7.66E-06	2.30E-05	0	1.53E-05	0	0	0	0	3.83E-05	1.53E-05	2.30E-05
Segetibacter	7.66E-05	6.12E-05	2.30E-05	3.06E-05	4.59E-05	6.89E-05	2.30E-05	3.06E-05	7.66E-06	0	3.06E-05	1.53E-05	2.30E-05	0	0
Phascolarctobacterium	0	0	0	7.66E-06	0	7.66E-06	7.66E-06	0	7.66E-06	0	7.66E-06	0	0	0	0
unidentified_Woesearchaeota_.DHVEG-6.	3.06E-05	3.06E-05	4.59E-05	2.30E-05	3.06E-05	6.13E-05	6.13E-05	1.53E-05	3.06E-05	1.53E-05	1.53E-05	1.53E-05	7.66E-05	6.13E-05	1.53E-05
Nakamurella	0	7.66E-06	1.53E-05	0	0	7.66E-06	7.66E-06	0	0	0	0	0	0	0	0
Coprococcus_1	0	0	0	0	0	0	0	4.59E-05	7.66E-06	7.66E-06	0	0	0	0	1.53E-05
Alloprevotella	0	0	0	0	2.30E-05	7.66E-06	7.66E-06	0	0	7.66E-06	7.66E-06	2.30E-05	0	7.66E-06	1.53E-05
unidentified_Rhodocyclaceae	0	7.66E-06	7.66E-06	0	1.53E-05	0	0	1.53E-05	0	0	0	0	0	0	0
unidentified_MWH-CFBk5	7.66E-06	1.53E-05	1.53E-05	2.30E-05	0	0	0	0	0	0	0	0	0	0	0
Planifilum	8.42E-05	3.06E-05	2.30E-05	2.30E-05	0	7.66E-05	5.36E-05	4.59E-05	1.53E-05	0	2.30E-05	0	1.53E-05	0	1.53E-05
Chitinimonas	0	0	0	7.66E-06	0	7.66E-06	0	0	0	0	0	0	0	0	0
unidentified_Oligoflexaceae	8.42E-05	5.36E-05	3.83E-05	0.000114861	3.83E-05	5.36E-05	4.59E-05	5.36E-05	3.06E-05	3.83E-05	1.53E-05	2.30E-05	2.30E-05	1.53E-05	1.53E-05
Haemophilus	7.66E-06	7.66E-06	1.53E-05	0	0	4.59E-05	6.13E-05	0	3.06E-05	0	0	0	0	2.30E-05	0
Clostridium_sensu_stricto_12	7.66E-06	0	1.53E-05	7.66E-06	0	0	1.53E-05	0	0	0	0	0	0	0	0
Anaerovorax	7.66E-05	9.19E-05	7.66E-06	9.19E-05	4.59E-05	0	7.66E-06	0	0	0	0	0	0	0	7.66E-06
Alteromonas	3.83E-05	7.66E-05	3.06E-05	3.06E-05	9.95E-05	0.000160807	9.95E-05	7.66E-05	6.12E-05	6.13E-05	0	0	0	0	0
unidentified_Planctomycetaceae	6.13E-05	1.53E-05	5.36E-05	2.30E-05	0	3.06E-05	0.000122521	7.66E-06	7.66E-06	0	5.36E-05	7.66E-06	7.66E-06	7.66E-06	2.30E-05
Candidatus_Amoebophilus	0	2.30E-05	0	3.83E-05	5.36E-05	6.13E-05	0	0	7.66E-06	2.30E-05	0	1.53E-05	0	0	0
Candidatus_Protochlamydia	7.66E-05	6.13E-05	0.000114859	6.13E-05	0.000107198	6.13E-05	5.36E-05	8.42E-05	9.19E-05	9.95E-05	3.06E-05	6.13E-05	9.19E-05	2.30E-05	6.13E-05
Methanoregula	0	0	0	0	0	0	0	7.66E-06	0	3.83E-05	0	0	0	0	0
Desulfotomaculum	0	0	0	0	0	0	0	0	7.66E-06	0	0	0	0	0	0
Thermomonas	2.30E-05	0	0	0	0	0	0	0	0	7.66E-06	0	7.66E-06	0	0.000107202	2.30E-05
Syntrophobacter	0	0	1.53E-05	7.66E-06	0	0	0	0	0	0	2.30E-05	0	0	3.06E-05	0
Mucispirillum	0	0	0	0	0	0	0	0	0	0	0	0	0	0	0
Inhella	3.83E-05	2.30E-05	1.53E-05	1.53E-05	1.53E-05	3.06E-05	1.53E-05	0	3.06E-05	0	1.53E-05	0	0	3.83E-05	0
Clostridium_sensu_stricto_10	7.66E-06	0	7.66E-06	0	0	0	0	0	0	0	0	0	0	0	0
Chthonomonas	0	0	0	0	0	0	0	0	0	7.66E-06	0	7.66E-06	0	0	0
Erysipelotrichaceae_UCG-003	7.66E-06	1.53E-05	1.53E-05	1.53E-05	2.30E-05	7.66E-06	0	0	0	0	0	0	0	0	0
Oscillospira	0	1.53E-05	3.83E-05	0	2.30E-05	0	0	0	0	0	0	0	0	0	0
Lachnoanaerobaculum	0	0	0	3.06E-05	0	0	0	0	0	0	0	0	0	0	0
Truepera	0	0	0	7.66E-06	0	0	0	0	0	0	0	0	0	0	0
Trichocoleus	0	0	3.06E-05	1.53E-05	3.06E-05	7.66E-06	1.53E-05	2.30E-05	7.66E-06	7.66E-06	0	0	0	0	1.53E-05
unidentified_OPB54	8.42E-05	3.06E-05	0	7.66E-06	0	3.83E-05	7.66E-06	0	0	7.66E-06	0	7.66E-06	0	0	0
Bergeyella	5.36E-05	0.000114857	3.83E-05	1.53E-05	6.13E-05	7.66E-06	7.66E-06	0	0	0	0	0	0	0	0
Nostoc	1.53E-05	7.66E-06	3.06E-05	1.53E-05	7.66E-06	7.66E-06	3.06E-05	1.53E-05	7.66E-06	4.59E-05	3.83E-05	7.66E-06	3.83E-05	7.66E-06	4.59E-05
Krasilnikovia	1.53E-05	0	0	0	0	0	0	0	0	0	0	0	7.66E-06	1.53E-05	0
